<Qucs Dataset 0.0.19>
<indep frequency 9>
  +2.10000000000000000000e+09
  +2.15000000000000000000e+09
  +2.20000000000000000000e+09
  +2.25000000000000000000e+09
  +2.30000000000000000000e+09
  +2.35000000000000000000e+09
  +2.40000000000000000000e+09
  +2.45000000000000000000e+09
  +2.50000000000000000000e+09
</indep>
<dep RPZ[1,1] frequency>
  +1.05196194731812926556e-14
  +9.48335845045000158299e-15
  +5.96635134299834528842e-16
  +5.74653839878261642488e-15
  +2.78421551775033795491e-14
  +9.56186307338418939223e-15
  +3.41024082026115932784e-14
  +2.88897012397814608983e-14
  +1.03751709669823853196e-13
</dep>
<dep RPZ[1,2] frequency>
  +2.63775533058874202371e-15
  +2.99573641116864289879e-14
  -9.67176954549205421842e-15
  +9.16933995871324561287e-15
  -1.38350267089379530720e-12
  +1.36205520790817481970e-14
  +3.20298861571490111332e-15
  -1.83386799174264912257e-14
  +4.32089444629774864351e-14
</dep>
<dep RPZ[1,3] frequency>
  +2.41794238637301355461e-15
  +4.96149216944072886617e-15
  -2.38654053719933811537e-15
  -2.27663406509147378221e-16
  -2.76017347697674284959e-15
  -4.47476350724875876910e-15
  -3.07738121902019896193e-15
  -2.88897012397814593206e-15
  -2.28605461984357639426e-14
</dep>
<dep RPZ[1,4] frequency>
  +1.69569985537847707159e-15
  +6.40597723142980222663e-15
  +1.07394324173970207303e-14
  -1.73338207438688771701e-14
  -2.37460783451334129068e-13
  +9.99756373066893828104e-15
  -4.99917438844914002435e-14
  -3.74310042150211993041e-14
  -7.43595788432635915804e-14
</dep>
<dep RPZ[1,5] frequency>
  -6.64934156252578727517e-15
  -1.01270963585103488763e-14
  +8.75326545716204564852e-15
  -8.92205039647055093721e-15
  +5.68975379707179743080e-13
  -5.51102452998005063058e-15
  -3.93936197883759150454e-14
  -3.09072700491901129970e-14
  -1.48020466542412896355e-13
</dep>
<dep RPZ[1,6] frequency>
  +1.57401768983048454732e-15
  +1.02134514437379559397e-14
  -8.01139677043396162155e-15
  +9.10261102921918589613e-15
  -6.02002979890564674683e-13
  -7.19494869191839862360e-15
  -1.59325132244936073414e-14
  -5.05098743958570426243e-14
  -1.52589435597182665664e-13
</dep>
<dep RPZ[1,7] frequency>
  -1.12104601550021538966e-14
  -2.80104494629185454442e-14
  -1.50728876033642404172e-15
  -4.01943669423046411126e-15
  +7.89944917812980946163e-13
  -8.91812516532384209895e-15
  -1.23095248760807958477e-14
  -3.41652119009589473123e-14
  -1.00737132149151011029e-13
</dep>
<dep RPZ[1,8] frequency>
  +2.00971834711523205563e-15
  -1.46960654132801339631e-14
  -6.87651431514159619652e-16
  +1.05196194731812918668e-15
  +8.11737801139511647353e-13
  -1.12418620041758293358e-14
  +3.54212858679059648819e-14
  +5.79050098762576298645e-14
  +6.50646314878556363220e-14
</dep>
<dep RPZ[2,1] frequency>
  +9.04373256201854385591e-15
  +2.51214793389404018787e-14
  +1.50728876033642404172e-15
  -2.71311976860556331455e-14
  -4.96902861324241084537e-13
  +3.21554935538437128901e-14
  -1.05510213223549680949e-14
  -2.00971834711523189786e-14
  +3.01457752067284784679e-14
</dep>
<dep RPZ[2,2] frequency>
  +1.20583100826913923338e-14
  +1.66806622810564261406e-13
  -6.63207054548026538915e-14
  -6.51148744465335220735e-13
  +6.05269286262710994436e-09
  +4.52186628100927208573e-14
  +2.48702645455509958404e-13
  +8.54130297523973588145e-14
  +1.92932961323062277341e-13
</dep>
<dep RPZ[2,3] frequency>
  +8.03887338846092822253e-15
  +4.01943669423046411126e-15
  -6.02915504134569616690e-15
  -3.01457752067284784679e-14
  +1.04354625173958424153e-12
  -2.21069018182675534008e-14
  -4.77308107439867623073e-14
  -4.01943669423046411126e-15
  -9.09397552069642487424e-14
</dep>
<dep RPZ[2,4] frequency>
  -2.00971834711523205563e-15
  +3.41652119009589473123e-14
  -2.41166201653827846676e-14
  -2.29107891571136459075e-13
  -2.07081378486753524644e-11
  -1.31510944339352985660e-13
  -1.10534509091337767004e-14
  +8.03887338846092822253e-15
  -6.43109871076874257802e-14
</dep>
<dep RPZ[2,5] frequency>
  -2.76336272728344417510e-15
  -8.49106001656185517866e-14
  +2.88897012397814608983e-14
  +2.00469405124744408002e-13
  -3.03600061582350980221e-09
  -1.38168136364172210333e-13
  -1.45076543182380825898e-13
  -2.06624167562784800404e-14
  -2.36267513182734490776e-13
</dep>
<dep RPZ[2,6] frequency>
  +2.00971834711523205563e-15
  +5.36343583886377575061e-14
  +8.41569557854503349340e-15
  -2.01474264298302022057e-13
  +3.03950204761377121763e-09
  +4.01943669423046411126e-15
  +7.16590198143274943395e-14
  +3.71169857232844417563e-14
  -1.31039916601747874581e-13
</dep>
<dep RPZ[2,7] frequency>
  -1.90923242975947049229e-14
  -1.42690002645181473583e-13
  +3.81846485951894098459e-14
  +4.50176909753812005705e-13
  -3.01464183165995578673e-09
  +6.83304238019178946246e-14
  -1.40680284298066251783e-14
  +2.51214793389404018787e-14
  +8.64178889259549728701e-14
</dep>
<dep RPZ[2,8] frequency>
  +4.01943669423046411126e-15
  -8.49106001656185517866e-14
  +3.73289482052067505767e-14
  +4.15006838679295412783e-13
  -3.01682840522161703213e-09
  +3.21554935538437128901e-14
  -1.58767749422103323717e-13
  -7.03401421490331227360e-14
  -1.22090389587250334955e-13
</dep>
<dep RPZ[3,1] frequency>
  +6.28036983473509968081e-16
  +4.33345518596721929252e-15
  -2.51214793389403987232e-15
  +5.58952915291423922868e-15
  -3.00476444280607441008e-15
  -3.29719416323592743103e-15
  -5.52672545456688835020e-15
  -2.26093314050463596398e-15
  -2.41166201653827846676e-14
</dep>
<dep RPZ[3,2] frequency>
  +1.02998065289655645809e-14
  +1.13046657025231798199e-15
  +3.51700710745165629457e-15
  +3.39139971075695414318e-15
  +6.40472115746285565082e-13
  -1.55910181147298847703e-14
  -3.66145561365056347284e-14
  -1.90923242975947049229e-14
  -9.64664806615311386703e-14
</dep>
<dep RPZ[3,3] frequency>
  +4.83588477274602710921e-15
  +3.83102559918841147583e-15
  +3.61121265497268261229e-15
  -5.33831435952483492590e-15
  +1.63054101834310037740e-14
  +1.06766287190496710351e-15
  +1.57637282851851020527e-14
  +3.47932488844324560971e-14
  +9.57128362813629281286e-14
</dep>
<dep RPZ[3,4] frequency>
  +4.27065148761986841404e-15
  +1.50728876033642392339e-14
  -8.41569557854503349340e-15
  +2.65031607025821212052e-14
  -1.12343255603741463469e-12
  +1.84956891632948699997e-14
  +3.64261450414635805153e-15
  +1.50728876033642404172e-15
  +3.31603527274013269458e-14
</dep>
<dep RPZ[3,5] frequency>
  -6.59438832647185505928e-16
  +9.70317139466572965766e-15
  -3.15588584195438795446e-15
  +5.93494949382466984918e-15
  -8.78148050929848685364e-13
  +2.21932569034951604643e-14
  +3.40553054288510809084e-14
  +2.91095141839971873953e-14
  +1.71815217753765496332e-13
</dep>
<dep RPZ[3,6] frequency>
  +8.71401314569495115225e-16
  -1.05745727092352242799e-14
  +5.03999679237491825313e-15
  -2.08508278513205326758e-14
  +8.98942760242118615216e-13
  -2.78691411416370075453e-15
  +9.57756399797102790071e-15
  +5.60208989258370908883e-14
  +1.87029413678411275831e-13
</dep>
<dep RPZ[3,7] frequency>
  -7.53644380168211961697e-15
  -1.28119544628596044533e-14
  +5.40111805787218580438e-15
  -1.50728876033642392339e-14
  +2.29610321157915240859e-13
  -4.27065148761986841404e-15
  +3.26579231406225199179e-15
  -3.66773598348529824515e-14
  -1.35153558843499368166e-13
</dep>
<dep RPZ[3,8] frequency>
  -8.60410667358708770656e-15
  -3.79962375001473524773e-15
  +3.05481113992661998649e-15
  -1.38482154855908955259e-14
  +2.42045453430690758975e-13
  -2.13532574380993420702e-15
  +2.43678349587721881815e-14
  +2.11020426447099361897e-14
  +1.02746850496266239140e-13
</dep>
<dep RPZ[4,1] frequency>
  -5.52672545456688835020e-15
  +5.52672545456688835020e-15
  -7.03401421490331258914e-15
  -1.50728876033642392339e-14
  +3.19545217191321875546e-13
  +1.55753171901430494172e-14
  -4.52186628100927208573e-14
  -2.81360568596132503566e-14
  -7.53644380168212056361e-14
</dep>
<dep RPZ[4,2] frequency>
  +6.02915504134569616690e-15
  +3.21554935538437128901e-14
  -5.02429586778808037574e-14
  -1.92932961323062277341e-13
  +1.57947784336480317918e-10
  -2.02981553058638443141e-13
  -1.60777467769218564451e-14
  +1.00485917355761594893e-14
  -8.34033114052821307032e-14
</dep>
<dep RPZ[4,3] frequency>
  +4.52186628100927192796e-15
  +1.10534509091337767004e-14
  -3.01457752067284808345e-15
  -6.02915504134569616690e-15
  +5.38604517026882143578e-13
  +4.01943669423046411126e-15
  -2.51214793389403987232e-15
  +0.00000000000000000000e+00
  +3.56725006612953683958e-14
</dep>
<dep RPZ[4,4] frequency>
  +6.43109871076874257802e-14
  +5.02429586778808037574e-14
  -3.41652119009589473123e-14
  -5.54682263803804069442e-13
  +3.36944554753306742298e-09
  +4.28321222728933811642e-13
  +1.34651129256720535894e-13
  +4.82332403307655693352e-14
  +8.64178889259549728701e-14
</dep>
<dep RPZ[4,5] frequency>
  +3.51700710745165613680e-14
  +2.71311976860556331455e-14
  +0.00000000000000000000e+00
  -1.81879510413928497485e-13
  +1.60549678755312722333e-09
  +3.09999055042524567261e-13
  +9.82877879136043173017e-14
  +4.79820255373761658212e-14
  +1.79147549535818742160e-13
</dep>
<dep RPZ[4,6] frequency>
  -2.12904537397519888251e-14
  -2.13532574380993420702e-15
  -1.80874651240370877118e-14
  +1.79744184670118561306e-13
  -1.60833570312952258499e-09
  -3.06356440538378209998e-13
  -3.12762417769808005914e-14
  +3.19356806096279863932e-14
  +1.32484401663736929009e-13
</dep>
<dep RPZ[4,7] frequency>
  -4.52186628100927208573e-14
  -5.72769728927841147688e-14
  +4.62235219836503349129e-14
  +3.41652119009589435258e-13
  -1.76495073018337367424e-09
  -1.48719157686527183161e-13
  -2.00971834711523205563e-15
  +3.31603527274013269458e-14
  +6.02915504134569569358e-14
</dep>
<dep RPZ[4,8] frequency>
  -3.66773598348529824515e-14
  -5.62721137192265007131e-14
  +6.81263117822889971698e-14
  +3.54715288265838468469e-13
  -1.76392175438965062575e-09
  -9.64664806615311386703e-14
  -8.94324664466278276589e-14
  -5.92866912398993428801e-14
  -2.31117609918251674565e-14
</dep>
<dep RPZ[5,1] frequency>
  -1.02998065289655645809e-14
  -8.41569557854503349340e-15
  -3.76822190084105980849e-15
  +1.34399914463331148158e-14
  -1.58265319835324529311e-14
  -1.72082133471741754131e-14
  -4.17644594009884130746e-14
  -2.38026016736460302752e-14
  -1.46897850434454004529e-13
</dep>
<dep RPZ[5,2] frequency>
  -4.01943669423046411126e-15
  -8.29008818185033236753e-14
  -2.51214793389403987232e-15
  +2.18556870248781486247e-13
  -2.94627925236448384156e-09
  -1.55941582996472531030e-13
  -1.53931864649357302919e-13
  -3.68029672315476842084e-14
  -2.47195356695173562564e-13
</dep>
<dep RPZ[5,3] frequency>
  +4.77308107439867623073e-15
  +5.90354764465099440994e-15
  -8.79251776862914034200e-15
  -5.02429586778807974465e-15
  -1.02344906826843196042e-12
  +1.84014836157738421042e-14
  +3.42908192976536490693e-14
  +2.78848420662238436872e-14
  +1.69444378141153004613e-13
</dep>
<dep RPZ[5,4] frequency>
  +2.00971834711523189786e-14
  +5.52672545456688835020e-15
  -1.20583100826913923338e-14
  -1.42690002645181473583e-13
  +1.69371023421483297525e-09
  +2.86102247821357474380e-13
  +1.08901612934306631542e-13
  +5.28807140084695406535e-14
  +1.56632423678293387538e-13
</dep>
<dep RPZ[5,5] frequency>
  +3.09622232852440430436e-14
  +7.80649970457572902552e-14
  +1.16814878926072870629e-14
  -2.02070899432601841203e-13
  +2.31946028381672237244e-09
  +2.52973296943129830763e-13
  +1.88662309835442404982e-13
  +7.30917291828764411852e-14
  +4.87839502606489007534e-13
</dep>
<dep RPZ[5,6] frequency>
  -1.80874651240370877118e-14
  -3.95977318080048061894e-14
  -1.90609224484210279060e-14
  +1.84203247252780483144e-13
  -2.32246073050526715397e-09
  -1.72411852888065340721e-13
  -3.10721297573519094475e-14
  +7.68599510837174938939e-14
  +4.12690952302736857422e-13
</dep>
<dep RPZ[5,7] frequency>
  -5.02429586778807974465e-15
  +5.70257580993947112549e-14
  +7.53644380168211961697e-15
  -5.32575361985536522353e-14
  +6.25006328206060198561e-10
  -1.06515072397107304471e-13
  +1.48216728099748357200e-14
  +5.52672545456688835020e-15
  -5.67745433060053077410e-14
</dep>
<dep RPZ[5,8] frequency>
  -1.55753171901430494172e-14
  +2.58751237191086124204e-14
  +1.25921415186438763786e-14
  -3.45420340910430525832e-14
  +6.26003148506229356551e-10
  -4.82332403307655693352e-14
  +1.79618577273423859549e-14
  -1.29375618595543062102e-14
  +7.56784565085579631839e-14
</dep>
<dep RPZ[6,1] frequency>
  +5.21270696283013316895e-15
  +1.21211137810387432123e-14
  +7.28522900829271610306e-15
  -1.97203612810682137077e-14
  -3.47178844464156337808e-13
  +8.79251776862914034200e-15
  -2.19812944215728516439e-14
  -5.60208989258370908883e-14
  -1.57762890248545709662e-13
</dep>
<dep RPZ[6,2] frequency>
  +1.10534509091337767004e-14
  +4.39625888431457032877e-14
  +2.18556870248781498869e-14
  -2.13030144794214608941e-13
  +2.94856229240680696526e-09
  +5.47648249588900733188e-14
  +7.59924750002947081100e-14
  +1.38168136364172200866e-14
  -1.51733735207200025328e-13
</dep>
<dep RPZ[6,3] frequency>
  -5.02429586778808013908e-16
  -6.28036983473510046967e-15
  -2.88897012397814593206e-15
  -6.53158462812450398359e-15
  +8.11800604837859089739e-13
  +4.52186628100927192796e-15
  +1.88411095042052990424e-15
  +6.20500539671827941550e-14
  +1.78111288513087432154e-13
</dep>
<dep RPZ[6,4] frequency>
  -2.11020426447099361897e-14
  +5.52672545456688835020e-15
  -7.53644380168211961697e-15
  +1.58265319835324516690e-13
  -1.69800299260427104999e-09
  -2.44997227253016259729e-13
  -7.28522900829271610306e-15
  +3.49188562811271578541e-14
  +1.20583100826913913872e-13
</dep>
<dep RPZ[6,5] frequency>
  -2.07252204546258309188e-14
  -3.83102559918841116028e-14
  -1.45076543182380813276e-14
  +1.94534455630919735786e-13
  -2.32253618914883147089e-09
  -1.68627930062637440038e-13
  -1.42250376756750007968e-14
  +9.42997530685475317851e-14
  +4.25636364624584587619e-13
</dep>
<dep RPZ[6,6] frequency>
  +3.84986670869261610828e-14
  +3.49345572057139932071e-14
  +1.00485917355761594893e-14
  -2.13579677154753922028e-13
  +2.32603531290317891316e-09
  +1.24900855088294292289e-13
  +1.10283294297948357179e-13
  +2.25543781689924278578e-13
  +5.25258731128070124499e-13
</dep>
<dep RPZ[6,7] frequency>
  -2.76336272728344417510e-15
  -1.88411095042053014090e-14
  -3.21554935538437128901e-14
  +3.81846485951894098459e-14
  -6.24170285373660286285e-10
  +9.04373256201854417146e-14
  +1.65801763637006634729e-14
  -1.00485917355761602782e-15
  -7.68717267771576267196e-14
</dep>
<dep RPZ[6,8] frequency>
  +6.71999572316655740789e-15
  -1.57009245868377511742e-14
  -1.89205954349261664278e-14
  +1.13046657025231802143e-14
  -6.25199261167383334777e-10
  +8.99348960334066346867e-14
  -4.99917438844914002435e-14
  -4.67259515704291482517e-14
  +5.50160397522794768327e-14
</dep>
<dep RPZ[7,1] frequency>
  -1.13046657025231802143e-14
  -2.21069018182675534008e-14
  -1.50728876033642404172e-15
  +3.11506343802860988344e-14
  +1.18573382479798685760e-13
  -7.03401421490331258914e-15
  -1.60777467769218564451e-14
  -3.31603527274013269458e-14
  -9.24470439673006698259e-14
</dep>
<dep RPZ[7,2] frequency>
  -2.81360568596132503566e-14
  -1.32641410909605307783e-13
  +4.42138036365351068016e-14
  +3.81846485951894098459e-13
  -3.10249064004905683826e-09
  +9.69689102483099456982e-14
  -3.01457752067284784679e-14
  +1.60777467769218564451e-14
  +7.23498604961483508473e-14
</dep>
<dep RPZ[7,3] frequency>
  -1.08022361157443716088e-14
  -1.20583100826913923338e-14
  +1.80874651240370877118e-14
  +4.37113740497562997738e-14
  -1.17468037388885310299e-12
  +9.54616214879735246147e-15
  +8.03887338846092822253e-15
  -4.32089444629774864351e-14
  -1.32641410909605307783e-13
</dep>
<dep RPZ[7,4] frequency>
  -4.72283811572079552795e-14
  -5.12478178514384178130e-14
  +2.61263385124980159344e-14
  +3.65768739174972223081e-13
  -1.67427223836153439445e-09
  -1.73338207438688752768e-13
  +1.20583100826913923338e-14
  +2.21069018182675534008e-14
  +6.02915504134569569358e-14
</dep>
<dep RPZ[7,5] frequency>
  -2.51214793389403987232e-15
  +5.37599657853324592631e-14
  -6.90840681820861004332e-15
  -8.79251776862914034200e-15
  +7.13334831243138377694e-10
  -1.17694130702935779772e-13
  +2.62519459091927176913e-14
  +7.53644380168212020862e-16
  -5.13734252481331195700e-14
</dep>
<dep RPZ[7,6] frequency>
  -3.07738121902019896193e-15
  -2.04112019628890765264e-14
  -2.53098904339824545141e-14
  +2.95177382232549696831e-14
  -7.14205039287439208155e-10
  +1.33018233099689431987e-13
  +1.22467211777334449692e-14
  -1.68313911570900669868e-14
  -8.37801335953662422849e-14
</dep>
<dep RPZ[7,7] frequency>
  +8.49106001656185517866e-14
  +1.77860073719698041262e-13
  -4.22040852894198723794e-14
  -4.09982542811507342504e-13
  +2.38825281723108036454e-09
  +4.82332403307655693352e-14
  +2.41166201653827846676e-14
  +1.50728876033642411272e-13
  +4.34099162976890130327e-13
</dep>
<dep RPZ[7,8] frequency>
  +2.93921308265602679261e-14
  +8.71715333061231960337e-14
  -4.09087590110057601163e-14
  -3.43661837356704663369e-13
  +2.38908886006348027682e-09
  +4.01943669423046379572e-14
  +4.01943669423046411126e-15
  -7.23498604961483508473e-14
  -2.75331413554786806610e-13
</dep>
<dep RPZ[8,1] frequency>
  +2.51214793389403987232e-15
  -1.30631692562490079672e-14
  -3.01457752067284808345e-15
  +1.80874651240370877118e-14
  +1.65801763637006634729e-14
  -1.45704580165854322061e-14
  +2.91409160331708644122e-14
  +5.02429586778808037574e-14
  +7.43595788432635915804e-14
</dep>
<dep RPZ[8,2] frequency>
  -8.29008818185033173644e-15
  -7.58668676036000126639e-14
  +3.94407225621364274154e-14
  +4.42138036365351042773e-13
  -3.10667085421105639964e-09
  +8.44081705788397447588e-14
  -1.48719157686527183161e-13
  -7.43595788432635915804e-14
  -1.04505354049992063737e-13
</dep>
<dep RPZ[8,3] frequency>
  +0.00000000000000000000e+00
  -5.02429586778808013908e-16
  +1.50728876033642404172e-15
  +1.25607396694702009393e-14
  -1.10685237967371407850e-12
  +1.15558804959125837282e-14
  +3.66773598348529824515e-14
  +1.40680284298066251783e-14
  +9.94810581822039808373e-14
</dep>
<dep RPZ[8,4] frequency>
  -3.64261450414635789376e-14
  -4.11992261158622583237e-14
  +3.56725006612953683958e-14
  +3.89885359340355010904e-13
  -1.67510828119393430672e-09
  -1.46709439339411929806e-13
  -8.64178889259549728701e-14
  -6.23012687605721976689e-14
  -5.02429586778808037574e-14
</dep>
<dep RPZ[8,5] frequency>
  -1.90923242975947049229e-14
  +2.21069018182675534008e-14
  +1.25607396694701993616e-15
  -4.79820255373761658212e-14
  +7.15384241527609064185e-10
  -9.26982587606900733398e-14
  +2.33629757852145741258e-14
  -1.82130725207317894688e-14
  +5.69629544010473572210e-14
</dep>
<dep RPZ[8,6] frequency>
  +4.77308107439867623073e-15
  -1.77106429339529824410e-14
  +2.51214793389404006954e-16
  +2.02227908678470238910e-14
  -7.16098256774120145109e-10
  +1.57134853265072194566e-13
  -3.10878306819387448005e-14
  -5.58952915291423891314e-14
  +4.90810902584548109278e-14
</dep>
<dep RPZ[8,7] frequency>
  +2.61263385124980159344e-14
  +8.44081705788397447588e-14
  -4.01943669423046379572e-14
  -3.93904796034585467127e-13
  +2.39082525671538788237e-09
  +3.61749302480741754237e-14
  -4.01943669423046411126e-15
  -7.33547196697059649030e-14
  -2.80355709422574876888e-13
</dep>
<dep RPZ[8,8] frequency>
  +1.20583100826913923338e-14
  +7.23498604961483508473e-14
  -3.21554935538437128901e-14
  -3.93904796034585467127e-13
  +2.39140405559935708422e-09
  +2.81360568596132503566e-14
  +1.68816341157679489518e-13
  +1.24602537521144395338e-13
  +2.37146764959597371521e-13
</dep>
<dep IPZ[1,1] frequency>
  -8.78035814952835913516e+00
  -6.73787823182735223781e+00
  -4.66766850542106226385e+00
  -2.45724382864381141189e+00
  +5.34258993987530225733e-02
  +3.13518657520474119949e+00
  +7.33541371447607293277e+00
  +1.40431976204720001533e+01
  +2.85276002014104825832e+01
</dep>
<dep IPZ[1,2] frequency>
  +4.98862239263644013931e+00
  +5.21732547890192677187e+00
  +5.60356377617835921257e+00
  +6.19592123983938236620e+00
  +7.09142008409408397540e+00
  +8.48657639641439409672e+00
  +1.08263573689125536248e+01
  +1.53564826020987013067e+01
  +2.74217560161288851361e+01
</dep>
<dep IPZ[1,3] frequency>
  +1.62005228346541518825e+00
  +1.26850468410885319770e+00
  +9.06524239331812919929e-01
  +4.98652343358367500237e-01
  -1.15123536196052259767e-02
  -7.33302477365426863543e-01
  -1.92521744425114760269e+00
  -4.38222866536927302406e+00
  -1.20164186397799763739e+01
</dep>
<dep IPZ[1,4] frequency>
  -1.34136238076990075285e+01
  -1.36155594765887570929e+01
  -1.39495885753209520885e+01
  -1.44466168698878405507e+01
  -1.51668406832700561893e+01
  -1.62304846355052667661e+01
  -1.79072974560545645772e+01
  -2.09514961856752925939e+01
  -2.86351471395868450998e+01
</dep>
<dep IPZ[1,5] frequency>
  -5.14987981719206455722e+00
  -6.12943750901729078606e+00
  -7.34755268304923880862e+00
  -8.94507704593731212128e+00
  -1.11616479595258546453e+01
  -1.44570543823127835026e+01
  -1.98543645192412263611e+01
  -3.02049504138434024014e+01
  -5.77379775028033250805e+01
</dep>
<dep IPZ[1,6] frequency>
  -1.86763003319389468970e+01
  -1.94086404100560976360e+01
  -2.04848845333310478622e+01
  -2.20341337326089821147e+01
  -2.42933828566472413968e+01
  -2.77301908677342261456e+01
  -3.33948665430226085959e+01
  -4.42257803426986839668e+01
  -7.28728519334725177714e+01
</dep>
<dep IPZ[1,7] frequency>
  -2.64096801409892947277e+01
  -2.69048966169615155763e+01
  -2.78171909725132238123e+01
  -2.92434100663498739436e+01
  -3.13597103142137640930e+01
  -3.44865382844422967423e+01
  -3.92395243392338031185e+01
  -4.69105485955469632131e+01
  -6.03098708933527802856e+01
</dep>
<dep IPZ[1,8] frequency>
  +1.68650112287710096659e+00
  +2.10668735211926971829e+00
  +2.60663375175435563236e+00
  +3.23321675893406235147e+00
  +4.05870734415083322943e+00
  +5.20383352793531273051e+00
  +6.88542396982757853863e+00
  +9.50747978242670122029e+00
  +1.35227602203129286806e+01
</dep>
<dep IPZ[2,1] frequency>
  +4.98862239263643836296e+00
  +5.21732547890192677187e+00
  +5.60356377617837431160e+00
  +6.19592123983938236620e+00
  +7.09142008409500146371e+00
  +8.48657639641439409672e+00
  +1.08263573689125465194e+01
  +1.53564826020986942012e+01
  +2.74217560161288780307e+01
</dep>
<dep IPZ[2,2] frequency>
  +8.78053946165997274420e+01
  +1.28074939565466962677e+02
  +2.02951982275410728107e+02
  +4.20590921806378332803e+02
  -2.11561731150283449097e+04
  -3.98163502532410802814e+02
  -1.91224835956844401608e+02
  -1.14757153299587500328e+02
  -6.25127658742841845196e+01
</dep>
<dep IPZ[2,3] frequency>
  -1.97114603063062538979e+01
  -1.95687511665957849516e+01
  -1.97548019790028703824e+01
  -2.02830530190259743506e+01
  -2.12336020903810300808e+01
  -2.28014537987942595976e+01
  -2.54555990738495658832e+01
  -3.05552539813456753848e+01
  -4.41767465875018743304e+01
</dep>
<dep IPZ[2,4] frequency>
  -5.91579731824665433493e+00
  -5.59230500952933784475e+00
  -5.50617690982269269995e+00
  -5.65061284995424362165e+00
  -6.07151035004977845944e+00
  -6.89928795793655424973e+00
  -8.46106241420846671986e+00
  -1.17167732991277979693e+01
  -2.09414690168569990192e+01
</dep>
<dep IPZ[2,5] frequency>
  -6.94068132816195344503e+01
  -8.60903470571562507985e+01
  -1.21041628424308640888e+02
  -2.28213036413680754322e+02
  +1.05609212813734302472e+04
  +1.81458741533024607406e+02
  +7.54392774098376293068e+01
  +2.98809568472176039222e+01
  -2.04049353354577043262e+01
</dep>
<dep IPZ[2,6] frequency>
  +4.65872237375600803944e+01
  +6.17084777505521486773e+01
  +9.42572121105038576161e+01
  +1.97913026608287452746e+02
  -1.05963939537943351752e+04
  -2.24868487275017315596e+02
  -1.32083500184101382047e+02
  -1.12265770836694855461e+02
  -1.31954206183187750412e+02
</dep>
<dep IPZ[2,7] frequency>
  -5.43029093087393590622e+01
  -7.05974132255927315782e+01
  -1.04661684778924737316e+02
  -2.10332667313431471712e+02
  +1.05811790122671754943e+04
  +2.05534716691104023312e+02
  +1.06104188697306554445e+02
  +7.38003306596066153134e+01
  +6.12004243552792601690e+01
</dep>
<dep IPZ[2,8] frequency>
  -6.18232013492178111846e+01
  -7.76949137655139736580e+01
  -1.11560153202584075416e+02
  -2.17221211713411463506e+02
  +1.05741031587512588885e+04
  +1.98003886782853527393e+02
  +9.76260086298670159977e+01
  +6.30837185740492500940e+01
  +4.25366764894780757800e+01
</dep>
<dep IPZ[3,1] frequency>
  +1.62005228346541541029e+00
  +1.26850468410885297565e+00
  +9.06524239331813919129e-01
  +4.98652343358363336900e-01
  -1.15123536196066710013e-02
  -7.33302477365427418654e-01
  -1.92521744425114804677e+00
  -4.38222866536927835313e+00
  -1.20164186397799763739e+01
</dep>
<dep IPZ[3,2] frequency>
  -1.97114603063062538979e+01
  -1.95687511665957707407e+01
  -1.97548019790028845932e+01
  -2.02830530190259743506e+01
  -2.12336020903800672954e+01
  -2.28014537987942844666e+01
  -2.54555990738495623305e+01
  -3.05552539813456682793e+01
  -4.41767465875019027521e+01
</dep>
<dep IPZ[3,3] frequency>
  -7.93194313386267779720e+00
  -6.07124146194907421403e+00
  -4.19840006084678307730e+00
  -2.20802103967492424630e+00
  +4.80166624653886042751e-02
  +2.82472648556099059647e+00
  +6.65841747682962292743e+00
  +1.30023709537720950635e+01
  +2.80051284648589273729e+01
</dep>
<dep IPZ[3,4] frequency>
  +3.76273910306007230986e+00
  +3.89487919455941700164e+00
  +4.12684509625287709866e+00
  +4.49430903149786242778e+00
  +5.06375340006217644628e+00
  +5.96921714244524270754e+00
  +7.51843941599889831195e+00
  +1.05936340305241252224e+01
  +1.91154091124978258165e+01
</dep>
<dep IPZ[3,5] frequency>
  +7.83147576272303780343e+00
  +8.65019553668618890185e+00
  +9.70008768441871183086e+00
  +1.11279905141891468645e+01
  +1.31784880162461899289e+01
  +1.63245986277004426768e+01
  +2.16411106085799254117e+01
  +3.22182987581548090361e+01
  +6.19208364453017452433e+01
</dep>
<dep IPZ[3,6] frequency>
  +1.80596796233870797721e+01
  +1.83020402750687836146e+01
  +1.89901522070340504911e+01
  +2.02351352297165085758e+01
  +2.22698138213371770178e+01
  +2.55798059490194127363e+01
  +3.12927674006719023225e+01
  +4.26604371860310109810e+01
  +7.42296440167969109325e+01
</dep>
<dep IPZ[3,7] frequency>
  -2.32804326465854138917e+01
  -2.36255825934894900797e+01
  -2.43465105049250283287e+01
  -2.55223052466613218314e+01
  -2.73125198392000285708e+01
  -3.00289152971707338224e+01
  -3.43293493626070684854e+01
  -4.18566300750885744719e+01
  -5.84014548990622941460e+01
</dep>
<dep IPZ[3,8] frequency>
  +5.47913533671858044016e+00
  +5.88049852206839407387e+00
  +6.40151985413729196495e+00
  +7.10804648957033347045e+00
  +8.10320955971291390085e+00
  +9.57416201136418543172e+00
  +1.19127377166759504945e+01
  +1.61218941101344626077e+01
  +2.59508452755487226682e+01
</dep>
<dep IPZ[4,1] frequency>
  -1.34136238076990057522e+01
  -1.36155594765887517639e+01
  -1.39495885753209414304e+01
  -1.44466168698878458798e+01
  -1.51668406832703741571e+01
  -1.62304846355052774243e+01
  -1.79072974560545574718e+01
  -2.09514961856752996994e+01
  -2.86351471395868202308e+01
</dep>
<dep IPZ[4,2] frequency>
  -5.91579731824666943396e+00
  -5.59230500952932985115e+00
  -5.50617690982269269995e+00
  -5.65061284995436441392e+00
  -6.07151035033917807482e+00
  -6.89928795793655424973e+00
  -8.46106241420847737800e+00
  -1.17167732991277979693e+01
  -2.09414690168570025719e+01
</dep>
<dep IPZ[4,3] frequency>
  +3.76273910306007230986e+00
  +3.89487919455942099844e+00
  +4.12684509625287621049e+00
  +4.49430903149786242778e+00
  +5.06375340006226881684e+00
  +5.96921714244524803661e+00
  +7.51843941599889831195e+00
  +1.05936340305241181170e+01
  +1.91154091124978222638e+01
</dep>
<dep IPZ[4,4] frequency>
  +6.28853479011034295354e+01
  +9.12803307276801945136e+01
  +1.44588005207985787592e+02
  +2.99948431290391681614e+02
  -1.51121321492557581223e+04
  -2.85205730651495116490e+02
  -1.37923832315140174387e+02
  -8.46430017589304810599e+01
  -5.16111646558093113413e+01
</dep>
<dep IPZ[4,5] frequency>
  +5.25878073742096177057e+01
  +6.39376355463493766251e+01
  +8.83141610950141995318e+01
  +1.64247298989263299518e+02
  -7.54295209566631365306e+03
  -1.29837996609374442869e+02
  -5.51286752964787183373e+01
  -2.41512449837067464387e+01
  +8.35072965239277209548e+00
</dep>
<dep IPZ[4,6] frequency>
  -3.09970709247504352390e+01
  -4.25641605562070282076e+01
  -6.65109994483667321674e+01
  -1.41234923161888048071e+02
  +7.56826075151480199565e+03
  +1.59193881622756066463e+02
  +9.18434258833698891067e+01
  +7.60416475498395669774e+01
  +8.65315447118244236435e+01
</dep>
<dep IPZ[4,7] frequency>
  -3.55957947739490876415e+01
  -4.78178891517899486985e+01
  -7.26484048205240497964e+01
  -1.48596285346441504771e+02
  +7.55912878738725794392e+03
  +1.47332502248820873092e+02
  +7.53491791348007922124e+01
  +5.02944371556600060558e+01
  +3.47724461274461162930e+01
</dep>
<dep IPZ[4,8] frequency>
  -4.70912680436804009787e+01
  -5.73952717928591980012e+01
  -8.05925030769841725942e+01
  -1.55062663272621364285e+02
  +7.55410763968259470857e+03
  +1.43884276132501184975e+02
  +7.38981529681021100942e+01
  +5.20597492935682097936e+01
  +4.45428497540228747198e+01
</dep>
<dep IPZ[5,1] frequency>
  -5.14987981719206633358e+00
  -6.12943750901728989788e+00
  -7.34755268304924147316e+00
  -8.94507704593731922671e+00
  -1.11616479595263839997e+01
  -1.44570543823127994898e+01
  -1.98543645192412263611e+01
  -3.02049504138434059541e+01
  -5.77379775028033179751e+01
</dep>
<dep IPZ[5,2] frequency>
  -6.94068132816195486612e+01
  -8.60903470571562507985e+01
  -1.21041628424308655099e+02
  -2.28213036413680811165e+02
  +1.05609212813732901850e+04
  +1.81458741533024607406e+02
  +7.54392774098376008851e+01
  +2.98809568472176039222e+01
  -2.04049353354577327480e+01
</dep>
<dep IPZ[5,3] frequency>
  +7.83147576272304224432e+00
  +8.65019553668619423092e+00
  +9.70008768441870827814e+00
  +1.11279905141891397591e+01
  +1.31784880162468365228e+01
  +1.63245986277004391241e+01
  +2.16411106085799218590e+01
  +3.22182987581548161415e+01
  +6.19208364453017310325e+01
</dep>
<dep IPZ[5,4] frequency>
  +5.25878073742096177057e+01
  +6.39376355463494050468e+01
  +8.83141610950141995318e+01
  +1.64247298989263185831e+02
  -7.54295209566646099120e+03
  -1.29837996609374414447e+02
  -5.51286752964787112319e+01
  -2.41512449837067464387e+01
  +8.35072965239278452998e+00
</dep>
<dep IPZ[5,5] frequency>
  +4.11585907989175581179e+01
  +6.32044301204157576990e+01
  +1.00551289585225177348e+02
  +1.99938643392920340602e+02
  -9.03963624110752607521e+03
  -1.33038655581854044385e+02
  -2.86858941623291201495e+01
  +3.25742266177595425347e+01
  +1.28973653212517149313e+02
</dep>
<dep IPZ[5,6] frequency>
  -2.41285574577775179250e+01
  -3.64827348715116244193e+01
  -6.31219030296111611733e+01
  -1.49890481728387953808e+02
  +9.10564419581531001313e+03
  +2.21015918479148240294e+02
  +1.50543106016963889715e+02
  +1.51659485437522505435e+02
  +2.18834417813620603965e+02
</dep>
<dep IPZ[5,7] frequency>
  +9.89065167236869413614e+00
  +1.24000918092527250280e+01
  +1.73992037456888297697e+01
  +3.25927250123540659388e+01
  -1.50899950727415875917e+03
  -2.68144229666988458405e+01
  -1.29590615864517300082e+01
  -9.77617004924749188888e+00
  -1.52785966192400692876e+01
</dep>
<dep IPZ[5,8] frequency>
  +1.44519359779500504715e+01
  +1.57314129038359613588e+01
  +1.97323108708947145828e+01
  +3.41375508223939618802e+01
  -1.50799709159904637090e+03
  -2.59545963497619069926e+01
  -1.13536469044572179143e+01
  -4.75228775272396930518e+00
  +5.88735674678425269235e+00
</dep>
<dep IPZ[6,1] frequency>
  -1.86763003319389646606e+01
  -1.94086404100560976360e+01
  -2.04848845333310478622e+01
  -2.20341337326089785620e+01
  -2.42933828566469500743e+01
  -2.77301908677342225928e+01
  -3.33948665430226157014e+01
  -4.42257803426986768613e+01
  -7.28728519334725319823e+01
</dep>
<dep IPZ[6,2] frequency>
  +4.65872237375600946052e+01
  +6.17084777505521415719e+01
  +9.42572121105038291944e+01
  +1.97913026608287566432e+02
  -1.05963939537941914750e+04
  -2.24868487275017287175e+02
  -1.32083500184101382047e+02
  -1.12265770836694883883e+02
  -1.31954206183187807255e+02
</dep>
<dep IPZ[6,3] frequency>
  +1.80596796233870868775e+01
  +1.83020402750687836146e+01
  +1.89901522070340433856e+01
  +2.02351352297165156813e+01
  +2.22698138213366512161e+01
  +2.55798059490194198418e+01
  +3.12927674006719058752e+01
  +4.26604371860310038755e+01
  +7.42296440167969109325e+01
</dep>
<dep IPZ[6,4] frequency>
  -3.09970709247504423445e+01
  -4.25641605562070282076e+01
  -6.65109994483667179566e+01
  -1.41234923161887905962e+02
  +7.56826075151495024329e+03
  +1.59193881622756009619e+02
  +9.18434258833698891067e+01
  +7.60416475498395669774e+01
  +8.65315447118244520652e+01
</dep>
<dep IPZ[6,5] frequency>
  -2.41285574577775214777e+01
  -3.64827348715116315248e+01
  -6.31219030296111611733e+01
  -1.49890481728387953808e+02
  +9.10564419581530819414e+03
  +2.21015918479148211873e+02
  +1.50543106016963946558e+02
  +1.51659485437522477014e+02
  +2.18834417813620603965e+02
</dep>
<dep IPZ[6,6] frequency>
  +5.65462720434008261350e+01
  +7.66473407804754884864e+01
  +1.12515448327200786593e+02
  +2.10795676107467727434e+02
  -9.02954793431852704089e+03
  -1.23340301353918576410e+02
  -1.88121887221875780938e+01
  +4.38267937666826625787e+01
  +1.45828429576602502493e+02
</dep>
<dep IPZ[6,7] frequency>
  -2.27431006241622046815e+00
  -5.44357812981499389338e+00
  -1.10549480774438801944e+01
  -2.68605532721221322845e+01
  +1.51403412831043010556e+03
  +3.08754830810768439164e+01
  +1.52462806042200043066e+01
  +7.60080138553600637152e+00
  -4.95591154812169509825e+00
</dep>
<dep IPZ[6,8] frequency>
  -7.49849918224773936970e+00
  -9.69653407459187555162e+00
  -1.43406774156337526449e+01
  -2.91007674097353614684e+01
  +1.51305211880893125453e+03
  +3.16327851161539399527e+01
  +1.88854335700777866691e+01
  +1.74068777130251888252e+01
  +2.55047231573305488439e+01
</dep>
<dep IPZ[7,1] frequency>
  -2.64096801409893018331e+01
  -2.69048966169615191291e+01
  -2.78171909725132273650e+01
  -2.92434100663498952599e+01
  -3.13597103142140873899e+01
  -3.44865382844423038478e+01
  -3.92395243392338102240e+01
  -4.69105485955469490023e+01
  -6.03098708933527660747e+01
</dep>
<dep IPZ[7,2] frequency>
  -5.43029093087393590622e+01
  -7.05974132255927173674e+01
  -1.04661684778924751527e+02
  -2.10332667313431358025e+02
  +1.05811790122673173755e+04
  +2.05534716691104108577e+02
  +1.06104188697306554445e+02
  +7.38003306596065726808e+01
  +6.12004243552792814853e+01
</dep>
<dep IPZ[7,3] frequency>
  -2.32804326465854032335e+01
  -2.36255825934894865270e+01
  -2.43465105049250318814e+01
  -2.55223052466613467004e+01
  -2.73125198391997656699e+01
  -3.00289152971707551387e+01
  -3.43293493626070613800e+01
  -4.18566300750885673665e+01
  -5.84014548990623083569e+01
</dep>
<dep IPZ[7,4] frequency>
  -3.55957947739490876415e+01
  -4.78178891517899344876e+01
  -7.26484048205240640073e+01
  -1.48596285346441504771e+02
  +7.55912878738711151527e+03
  +1.47332502248820929935e+02
  +7.53491791348008064233e+01
  +5.02944371556599776341e+01
  +3.47724461274461020821e+01
</dep>
<dep IPZ[7,5] frequency>
  +9.89065167236868880707e+00
  +1.24000918092527196990e+01
  +1.73992037456888297697e+01
  +3.25927250123539806737e+01
  -1.50899950727430064035e+03
  -2.68144229666988493932e+01
  -1.29590615864517229028e+01
  -9.77617004924747767802e+00
  -1.52785966192400621821e+01
</dep>
<dep IPZ[7,6] frequency>
  -2.27431006241621291863e+00
  -5.44357812981499034066e+00
  -1.10549480774439192743e+01
  -2.68605532721220150449e+01
  +1.51403412831057471521e+03
  +3.08754830810768581273e+01
  +1.52462806042200167411e+01
  +7.60080138553599748974e+00
  -4.95591154812168266375e+00
</dep>
<dep IPZ[7,7] frequency>
  +7.50845463075397105968e+01
  +9.74165387504992139611e+01
  +1.35897039345457670834e+02
  +2.37320144294629812975e+02
  -8.99916425665572933212e+03
  -8.81827628180919731449e+01
  +2.20275393184529661994e+01
  +8.95532758667362003280e+01
  +1.77800357277463518813e+02
</dep>
<dep IPZ[7,8] frequency>
  +2.64293412103339271368e+01
  +3.92904979575065809172e+01
  +6.66237483693678029795e+01
  +1.54403715145332682823e+02
  -9.09954488175182268606e+03
  -2.12184222124553400590e+02
  -1.36340880475994453036e+02
  -1.24447971528302005595e+02
  -1.44183990846713470546e+02
</dep>
<dep IPZ[8,1] frequency>
  +1.68650112287710074455e+00
  +2.10668735211926483331e+00
  +2.60663375175434497422e+00
  +3.23321675893406412783e+00
  +4.05870734415071510170e+00
  +5.20383352793530917779e+00
  +6.88542396982757853863e+00
  +9.50747978242669589122e+00
  +1.35227602203129286806e+01
</dep>
<dep IPZ[8,2] frequency>
  -6.18232013492178040792e+01
  -7.76949137655139736580e+01
  -1.11560153202584089627e+02
  -2.17221211713411406663e+02
  +1.05741031587514062267e+04
  +1.98003886782853442128e+02
  +9.76260086298669875760e+01
  +6.30837185740492500940e+01
  +4.25366764894780757800e+01
</dep>
<dep IPZ[8,3] frequency>
  +5.47913533671858576923e+00
  +5.88049852206839140933e+00
  +6.40151985413729107677e+00
  +7.10804648957032902956e+00
  +8.10320955971335266099e+00
  +9.57416201136417832629e+00
  +1.19127377166759540472e+01
  +1.61218941101344768185e+01
  +2.59508452755487155628e+01
</dep>
<dep IPZ[8,4] frequency>
  -4.70912680436804009787e+01
  -5.73952717928592193175e+01
  -8.05925030769841725942e+01
  -1.55062663272621364285e+02
  +7.55410763968245100841e+03
  +1.43884276132501213397e+02
  +7.38981529681021100942e+01
  +5.20597492935682168991e+01
  +4.45428497540228889306e+01
</dep>
<dep IPZ[8,5] frequency>
  +1.44519359779500469187e+01
  +1.57314129038359524770e+01
  +1.97323108708947110301e+01
  +3.41375508223938766150e+01
  -1.50799709159919075319e+03
  -2.59545963497618785709e+01
  -1.13536469044572214671e+01
  -4.75228775272396575247e+00
  +5.88735674678424558692e+00
</dep>
<dep IPZ[8,6] frequency>
  -7.49849918224773315245e+00
  -9.69653407459187555162e+00
  -1.43406774156337650794e+01
  -2.91007674097352619924e+01
  +1.51305211880907654631e+03
  +3.16327851161539364000e+01
  +1.88854335700777795637e+01
  +1.74068777130252030361e+01
  +2.55047231573305275276e+01
</dep>
<dep IPZ[8,7] frequency>
  +2.64293412103339271368e+01
  +3.92904979575066022335e+01
  +6.66237483693678171903e+01
  +1.54403715145332739667e+02
  -9.09954488175182450505e+03
  -2.12184222124553372169e+02
  -1.36340880475994424614e+02
  -1.24447971528302034017e+02
  -1.44183990846713442124e+02
</dep>
<dep IPZ[8,8] frequency>
  +3.47165401248635561160e+01
  +5.46890744133257555859e+01
  +8.95793541308230345521e+01
  +1.85865828078810210400e+02
  -9.05791368533499189653e+03
  -1.57538718108495032766e+02
  -6.35659701122329821033e+01
  -2.32425270686528442354e+01
  +1.13418514569019741600e+01
</dep>
<dep S[6,6] frequency>
  +7.48701808001675100934e-02+j5.61994449673368423603e-01
  +1.87931673407502414230e-01+j5.48593229231748802377e-01
  +3.01085942024249653137e-01+j5.09036830324458788866e-01
  +4.07857020532472747121e-01+j4.42941160752914120380e-01
  +5.01591812563457306595e-01+j3.51594184685983968119e-01
  +5.75919320300410930713e-01+j2.38041091119793435382e-01
  +6.25257874267502455901e-01+j1.07022486008891970499e-01
  +6.45307018564145185024e-01-j3.52642201474130737027e-02
  +6.33442229914361720766e-01-j1.81571160066875014749e-01
</dep>
<dep S[6,2] frequency>
  +1.89894942960402213217e-01+j1.46673894793630327227e-01
  +2.15251794077926522641e-01+j1.12550442974176212463e-01
  +2.33287563615812820750e-01+j7.56835709743041984421e-02
  +2.44641231128381819726e-01+j3.75801672229778283008e-02
  +2.50079777400520841812e-01-j7.66036930360564083387e-04
  +2.50368771962737379777e-01-j3.87908103577615792634e-02
  +2.46175980424510970623e-01-j7.63057240163265565469e-02
  +2.37966154604378643533e-01-j1.13459908151827534861e-01
  +2.25863899698560910423e-01-j1.50687064104744472548e-01
</dep>
<dep S[6,7] frequency>
  +1.96440612162875755109e-02+j4.71605079989352651837e-02
  +1.86359032111066379167e-02+j3.16220296825168861732e-02
  +1.44923932544638572190e-02+j1.82036122462137031630e-02
  +7.93477258248275613139e-03+j7.49010705150337727232e-03
  -1.67203312771976170259e-04-j1.17520758848108401121e-04
  -8.82603373653161743517e-03-j4.44588873368038581257e-03
  -1.69770506484432925909e-02-j5.60319939062384198003e-03
  -2.35439747875095251040e-02-j4.04142231931132675515e-03
  -2.75436573292681709246e-02-j6.16647699385807629424e-04
</dep>
<dep S[6,1] frequency>
  -1.18748605675336460497e-01-j4.50009747230413648111e-01
  -1.56992803884234061185e-01-j4.30921436737895791058e-01
  -1.91804450884804633670e-01-j4.08068235573688486983e-01
  -2.23026417618258754327e-01-j3.81932806603409169544e-01
  -2.50500551443455399259e-01-j3.52962249513312398275e-01
  -2.74085043264544914177e-01-j3.21589716897702715404e-01
  -2.93673334966162158377e-01-j2.88230989666557135820e-01
  -3.09199366482866333516e-01-j2.53258839470049845755e-01
  -3.20614282681392692709e-01-j2.16965864108725647874e-01
</dep>
<dep S[6,4] frequency>
  -1.72246512205423363273e-01-j1.00823555163451095140e-01
  -1.94470988461973304240e-01-j8.49910020566787549612e-02
  -2.16321430846828643979e-01-j6.31243259670732498323e-02
  -2.35723483280103340842e-01-j3.45134632336667676600e-02
  -2.50246413517332622067e-01+j7.67230772475386429976e-04
  -2.57378841611879294327e-01+j4.17377073391264549751e-02
  -2.54842211336912483066e-01+j8.64742584853771395492e-02
  -2.40919702574517252680e-01+j1.32167028875933623144e-01
  -2.14775395231605908952e-01+j1.75278322587623547335e-01
</dep>
<dep S[6,3] frequency>
  +5.80052087615883990579e-02+j4.90316398151501298130e-01
  +1.16299234468713333368e-01+j4.63564428322131905080e-01
  +1.68082938313851126821e-01+j4.30974895763073961863e-01
  +2.12972781664334559482e-01+j3.93647935714787955419e-01
  +2.50666949233482372339e-01+j3.52725981153184597883e-01
  +2.80982423855024976422e-01+j3.09426917431111170309e-01
  +3.03918140917271095702e-01+j2.65055098512495646013e-01
  +3.19732312149467789997e-01+j2.20976936041327343130e-01
  +3.29018709516640361912e-01+j1.78554568116319201110e-01
</dep>
<dep S[6,5] frequency>
  -2.72083227387476811465e-01+j2.06397237207750217092e-01
  -2.19630389563220229654e-01+j2.65805857496844044618e-01
  -1.54462677890521149493e-01+j3.12020836737918472181e-01
  -7.94571518494056744375e-02+j3.42095677197053860130e-01
  +1.59019035657660505467e-03+j3.53606910900249260532e-01
  +8.40892769327079014907e-02+j3.45026132240736915779e-01
  +1.62922776228893562145e-01+j3.16019452050491755912e-01
  +2.32812324780264479074e-01+j2.67632530723828476749e-01
  +2.88726682996794714597e-01+j2.02335658206376223234e-01
</dep>
<dep S[6,8] frequency>
  -3.22018024087248333487e-02+j2.20971528933015873286e-02
  -1.71257020996156139603e-02+j1.98862928452778059407e-02
  -6.91871033223976500404e-03+j1.38985803536405966296e-02
  -1.49761694678553214377e-03+j6.60961509122091200874e-03
  -4.92955254421945099352e-07-j1.17822347801679883084e-04
  -1.12467788375624627717e-03-j5.15338266309507686547e-03
  -3.45040554311826924705e-03-j8.12601133984762469264e-03
  -5.75035581821843957973e-03-j9.35437114615580989074e-03
  -7.26210872230822340745e-03-j9.66772485514765661518e-03
</dep>
<dep S[2,6] frequency>
  +1.89894942960402213217e-01+j1.46673894793630327227e-01
  +2.15251794077926522641e-01+j1.12550442974176184707e-01
  +2.33287563615812820750e-01+j7.56835709743041706865e-02
  +2.44641231128381847482e-01+j3.75801672229778699341e-02
  +2.50079777400520897324e-01-j7.66036930360591838962e-04
  +2.50368771962737379777e-01-j3.87908103577615653856e-02
  +2.46175980424510998379e-01-j7.63057240163265981803e-02
  +2.37966154604378671289e-01-j1.13459908151827548739e-01
  +2.25863899698560965934e-01-j1.50687064104744444792e-01
</dep>
<dep S[2,2] frequency>
  +2.68849148308595575774e-01-j1.35258019113679184287e-01
  +2.32034225733641824574e-01-j1.29485686976595626430e-01
  +2.04847478379303032936e-01-j1.23941219442779429483e-01
  +1.83869457073652209367e-01-j1.20037544281419411574e-01
  +1.66317029090635670752e-01-j1.17800970145166161718e-01
  +1.50203054143853542701e-01-j1.16320176705846531351e-01
  +1.34435634069591025685e-01-j1.14075037987071692402e-01
  +1.18917571945664754529e-01-j1.09222031067866376386e-01
  +1.04655682205450323297e-01-j9.99079018365538751301e-02
</dep>
<dep S[2,7] frequency>
  -2.14606648151190293472e-01-j1.38506438502800921508e-01
  -2.35788470981884407118e-01-j1.02873984673891194497e-01
  -2.47747096770179336955e-01-j6.63830104770895407240e-02
  -2.51883838413495486641e-01-j3.13703726511134622923e-02
  -2.49940710235876079048e-01+j6.07811766074823137118e-04
  -2.43802474801446455999e-01+j2.87101438356111432482e-02
  -2.35342052576212018566e-01+j5.27699861152032198564e-02
  -2.26262514288820437702e-01+j7.32686615840155014423e-02
  -2.17911194443383415820e-01+j9.12939803203123845243e-02
</dep>
<dep S[2,1] frequency>
  +2.31836473083904329173e-02-j7.84710265335843148993e-03
  +1.56766552064525818699e-02-j8.93451127443545961571e-03
  +9.00329484447948136250e-03-j7.62578116828141472361e-03
  +3.65263940765742783912e-03-j4.44225319774366363135e-03
  -5.53494532671838790350e-05+j9.86223711066883806931e-05
  -1.91998558673349027301e-03+j5.49008923312674541883e-03
  -1.83553272166664394049e-03+j1.12302646427812381769e-02
  +2.14813425664377990673e-04+j1.68156308747006884297e-02
  +4.15246923085597213765e-03+j2.17393911472159445664e-02
</dep>
<dep S[2,4] frequency>
  -3.10650587250806096973e-02+j1.19762789875174635590e-03
  -2.16555684773107465224e-02+j6.90817693639700358688e-03
  -1.24022001945505444542e-02+j8.01710834082969281411e-03
  -4.80650537766848066912e-03+j5.31458791591633665508e-03
  +6.43318044497021013228e-05-j1.25002191348651259251e-04
  +1.54768453320730677535e-03-j7.06506426405732659152e-03
  -6.39296863804539317044e-04-j1.41860215539134359997e-02
  -6.41004547467458832971e-03-j2.01423423679061679159e-02
  -1.52998860434922639984e-02-j2.36135362686012428846e-02
</dep>
<dep S[2,3] frequency>
  +1.12671476715867524554e-01-j3.30357929054815036007e-01
  +8.11014360376919596352e-02-j3.43656454510734843399e-01
  +5.11498115546272502652e-02-j3.50862763419456824554e-01
  +2.38101470467044495916e-02-j3.53622777986456970911e-01
  -4.70040127901624749107e-04-j3.53515520094824231556e-01
  -2.16714232032815812268e-02-j3.52017273703309485633e-01
  -4.01556433553927061286e-02-j3.50487963128490120912e-01
  -5.66684592067732140208e-02-j3.50139401142997797045e-01
  -7.23689240232025521316e-02-j3.51959134273026219564e-01
</dep>
<dep S[2,5] frequency>
  -4.19115857857260687425e-01-j4.09527208345935089806e-01
  -4.80133090978192400566e-01-j3.42700719229887207362e-01
  -5.27088057707820856201e-01-j2.70166407199350921964e-01
  -5.61234978198791201187e-01-j1.94212550327498789660e-01
  -5.83665355752720382831e-01-j1.16315245899713537447e-01
  -5.95173775609233679518e-01-j3.74038753125676137756e-02
  -5.96165703178157979636e-01+j4.19249744074518329584e-02
  -5.86583698323674407327e-01+j1.21194448074842628382e-01
  -5.65864510860413338911e-01+j1.99795799988048722318e-01
</dep>
<dep S[2,8] frequency>
  -3.76775064320439612153e-01-j4.21764385131932262318e-01
  -4.49860495950720917779e-01-j3.58256713920612701596e-01
  -5.08678898595032458196e-01-j2.84772635573760979355e-01
  -5.53416953844472647717e-01-j2.03513847800582570180e-01
  -5.83785234220994930787e-01-j1.16091374584289058758e-01
  -5.98977552965520576578e-01-j2.40532643164741155584e-02
  -5.97796664896351637175e-01+j7.07155314609307500406e-02
  -5.78880719193062942551e-01+j1.65695957133492444147e-01
  -5.41011423986947681541e-01+j2.57519391548396814340e-01
</dep>
<dep S[7,6] frequency>
  +1.96440612162876240832e-02+j4.71605079989352721226e-02
  +1.86359032111066552639e-02+j3.16220296825168931121e-02
  +1.44923932544636490521e-02+j1.82036122462137517353e-02
  +7.93477258248281164255e-03+j7.49010705150329400559e-03
  -1.67203312771972700812e-04-j1.17520758848105473775e-04
  -8.82603373653165212964e-03-j4.44588873368038060840e-03
  -1.69770506484432821825e-02-j5.60319939062384891892e-03
  -2.35439747875094834706e-02-j4.04142231931131634681e-03
  -2.75436573292682090885e-02-j6.16647699385838854447e-04
</dep>
<dep S[7,2] frequency>
  -2.14606648151190237961e-01-j1.38506438502800949264e-01
  -2.35788470981884462629e-01-j1.02873984673891222252e-01
  -2.47747096770179364711e-01-j6.63830104770895546018e-02
  -2.51883838413495431130e-01-j3.13703726511134345367e-02
  -2.49940710235875995782e-01+j6.07811766074824871842e-04
  -2.43802474801446511510e-01+j2.87101438356111432482e-02
  -2.35342052576212018566e-01+j5.27699861152032129175e-02
  -2.26262514288820437702e-01+j7.32686615840154875645e-02
  -2.17911194443383499086e-01+j9.12939803203124122799e-02
</dep>
<dep S[7,7] frequency>
  +2.46091876951102211946e-01+j4.56062836665321991170e-01
  +3.09876517189057232304e-01+j4.47352842832046460053e-01
  +3.74963437879479055681e-01+j4.27249363482307797923e-01
  +4.39372382919695381176e-01+j3.95633088116140618773e-01
  +5.01093290069955288324e-01+j3.52659632508012355068e-01
  +5.58109771821638345202e-01+j2.98790114698410547156e-01
  +6.08433735111352125280e-01+j2.34831840337298869414e-01
  +6.50166645728655678838e-01+j1.61984204846183921234e-01
  +6.81596437724253934043e-01+j8.18749478227688565202e-02
</dep>
<dep S[7,1] frequency>
  -1.82729274758107879117e-01-j4.58037594388413238367e-01
  -2.03313754149300585095e-01-j4.29942729979296778264e-01
  -2.21105523144954935200e-01-j4.03216933206895333797e-01
  -2.36623645477877175836e-01-j3.77657473672379229157e-01
  -2.50250354078175196726e-01-j3.53081008023692577424e-01
  -2.62272113195478606684e-01-j3.29327637048471510983e-01
  -2.72912101696139108853e-01-j3.06259960436343847689e-01
  -2.82355733411584652881e-01-j2.83754975299729816918e-01
  -2.90767191476764219615e-01-j2.61688552304685295713e-01
</dep>
<dep S[7,4] frequency>
  -2.01002917649989037985e-01-j1.09329140016610953934e-01
  -2.19369332413961337647e-01-j8.46480284276857342096e-02
  -2.33660020524831452127e-01-j5.77426828177467210690e-02
  -2.43903794021110342793e-01-j2.91623111191138158216e-02
  -2.50107807029776585406e-01+j6.08726316529639710495e-04
  -2.52273822471709097126e-01+j3.11283867224210822333e-02
  -2.50396790601942365040e-01+j6.19915795984608969382e-02
  -2.44448434149619087119e-01+j9.28203948699865694083e-02
  -2.34357599586040493689e-01+j1.23239356758758245025e-01
</dep>
<dep S[7,3] frequency>
  -1.18344875498315613149e-01-j4.74498125339486598318e-01
  -1.59688318595033379443e-01-j4.49897679819972695636e-01
  -1.95735028431519242353e-01-j4.20794684541071273287e-01
  -2.26085116208512959535e-01-j3.88127641714051896393e-01
  -2.50416528012247341373e-01-j3.52844266433364750490e-01
  -2.68478538715553882721e-01-j3.15936007263854568006e-01
  -2.80114869887272799343e-01-j2.78475232845786957459e-01
  -2.85315104575367073370e-01-j2.41639619804238925393e-01
  -2.84288993864595662675e-01-j2.06711143797585400472e-01
</dep>
<dep S[7,5] frequency>
  +2.69785894694293329477e-02-j2.90306469970341152198e-02
  +1.37091293045717779742e-02-j2.27218319631536935788e-02
  +5.33989508904805787459e-03-j1.47006163208254631014e-02
  +1.12258633725306755657e-03-j6.70875300659089235378e-03
  +3.56771588603198817891e-07+j1.17814064708399168779e-04
  +8.03366582790558669824e-04+j5.19152625147077662060e-03
  +2.39344314017542886264e-03+j8.41919816027718315166e-03
  +3.79483604165241003581e-03+j1.01489089138899202247e-02
  +4.32944916883811620201e-03+j1.10990814785385666363e-02
</dep>
<dep S[7,8] frequency>
  +2.72121154368758277897e-01-j2.30819067916229525572e-01
  +2.14162487065958639931e-01-j2.83499502878337528156e-01
  +1.47466890961516300385e-01-j3.22117102984439129809e-01
  +7.46784090943161393827e-02-j3.45747945082067964506e-01
  -1.47859190323249619498e-03-j3.53568226528614137916e-01
  -7.80381892467488236242e-02-j3.44975523002059691891e-01
  -1.51725372165771477118e-01-j3.19757008577049028908e-01
  -2.18970369570254813629e-01-j2.78277970159898302427e-01
  -2.75998641947746981007e-01-j2.21673366683111799924e-01
</dep>
<dep S[1,6] frequency>
  -1.18748605675336404985e-01-j4.50009747230413481578e-01
  -1.56992803884234061185e-01-j4.30921436737895735547e-01
  -1.91804450884804689181e-01-j4.08068235573688542495e-01
  -2.23026417618258698816e-01-j3.81932806603409114032e-01
  -2.50500551443455454770e-01-j3.52962249513312342764e-01
  -2.74085043264544858665e-01-j3.21589716897702715404e-01
  -2.93673334966162158377e-01-j2.88230989666557135820e-01
  -3.09199366482866333516e-01-j2.53258839470049790243e-01
  -3.20614282681392692709e-01-j2.16965864108725647874e-01
</dep>
<dep S[1,2] frequency>
  +2.31836473083904467951e-02-j7.84710265335842455103e-03
  +1.56766552064525749310e-02-j8.93451127443545961571e-03
  +9.00329484447948136250e-03-j7.62578116828138002914e-03
  +3.65263940765740962452e-03-j4.44225319774365495773e-03
  -5.53494532671977568228e-05+j9.86223711066953195870e-05
  -1.91998558673350675288e-03+j5.49008923312673934730e-03
  -1.83553272166663006271e-03+j1.12302646427812416463e-02
  +2.14813425664379508556e-04+j1.68156308747006849602e-02
  +4.15246923085595825986e-03+j2.17393911472159584441e-02
</dep>
<dep S[1,7] frequency>
  -1.82729274758107823606e-01-j4.58037594388413127344e-01
  -2.03313754149300585095e-01-j4.29942729979296778264e-01
  -2.21105523144954907444e-01-j4.03216933206895333797e-01
  -2.36623645477877203591e-01-j3.77657473672379118135e-01
  -2.50250354078175196726e-01-j3.53081008023692632936e-01
  -2.62272113195478606684e-01-j3.29327637048471510983e-01
  -2.72912101696139053342e-01-j3.06259960436343847689e-01
  -2.82355733411584708392e-01-j2.83754975299729761407e-01
  -2.90767191476764275126e-01-j2.61688552304685295713e-01
</dep>
<dep S[1,1] frequency>
  -4.21634256324715073205e-01-j3.99357719640315855791e-01
  -4.47551395756203618248e-01-j3.86327429471268246619e-01
  -4.68784611300880560414e-01-j3.74135605371903656735e-01
  -4.86156773293406341274e-01-j3.63067382599042531854e-01
  -5.00325488885668190342e-01-j3.53323108521289286355e-01
  -5.11822617709188354418e-01-j3.45060236134853093315e-01
  -5.21087658953004462248e-01-j3.38426616940764479757e-01
  -5.28502167255296861903e-01-j3.33588035927344428444e-01
  -5.34430288331468550389e-01-j3.30748461690297201887e-01
</dep>
<dep S[1,4] frequency>
  +7.24454371514531014764e-02-j3.04942077387290122470e-01
  +5.70077071649246341911e-02-j3.17502090100104550352e-01
  +4.00315413960448118758e-02-j3.29996560674467476204e-01
  +2.10111817177420813485e-02-j3.42209619834359823898e-01
  -4.71196848185063965619e-04-j3.53751787079176760464e-01
  -2.47347753312402683645e-02-j3.64090660343030447788e-01
  -5.19857221831465446393e-02-j3.72561409447672076123e-01
  -8.22881931680043421373e-02-j3.78368981293996875515e-01
  -1.15517376116113179574e-01-j3.80594912108996485944e-01
</dep>
<dep S[1,3] frequency>
  +1.37783718831791766879e-02+j1.91785443936980867785e-02
  +1.10111557969587887940e-02+j1.29295846429306835607e-02
  +7.73342741494232807642e-03+j7.68896604615135724481e-03
  +4.01694856963988409376e-03+j3.37541627505650275454e-03
  -8.36073333232226212353e-05-j5.89058076224697883035e-05
  -4.52407508082534014215e-03-j2.63091800376698574035e-03
  -9.26293106182050213215e-03-j4.32706310675942326660e-03
  -1.42515344963689422064e-02-j5.10287111833623765328e-03
  -1.94212030409399577513e-02-j4.88303074895827735058e-03
</dep>
<dep S[1,5] frequency>
  -1.87919712738688238218e-01-j1.11822404146193515873e-01
  -2.09913602482466515875e-01-j8.96935081633427194747e-02
  -2.28118899312008377445e-01-j6.29635961407920274890e-02
  -2.41715534285079386434e-01-j3.25366277226759315067e-02
  -2.50085227083155836603e-01+j6.51826617389245077661e-04
  -2.52754532544369858726e-01+j3.56283599392884092749e-02
  -2.49380237727820641691e-01+j7.13564587448435316830e-02
  -2.39770012353581252196e-01+j1.06717476223236087951e-01
  -2.23924454327719235636e-01+j1.40513076745405196544e-01
</dep>
<dep S[1,8] frequency>
  +1.82530261636633966971e-01+j1.49697830697494455032e-01
  +2.08657266554478804110e-01+j1.16634674002374663648e-01
  +2.28724434561574430091e-01+j8.00465564580962601893e-02
  +2.42602123219175264124e-01+j4.06691348093668261776e-02
  +2.50057192673366956992e-01-j8.09276753272516677362e-04
  +2.50777261425883857271e-01-j4.36649462299652582620e-02
  +2.44406776662939750899e-01-j8.70764880752487313575e-02
  +2.30593160988424694668e-01-j1.30079487182306940962e-01
  +2.09039015735363042925e-01-j1.71535829709209275418e-01
</dep>
<dep S[4,6] frequency>
  -1.72246512205423335518e-01-j1.00823555163451109018e-01
  -1.94470988461973248729e-01-j8.49910020566787688390e-02
  -2.16321430846828643979e-01-j6.31243259670732359545e-02
  -2.35723483280103285331e-01-j3.45134632336667468433e-02
  -2.50246413517332622067e-01+j7.67230772475407246658e-04
  -2.57378841611879294327e-01+j4.17377073391264410973e-02
  -2.54842211336912538577e-01+j8.64742584853771117936e-02
  -2.40919702574517252680e-01+j1.32167028875933623144e-01
  -2.14775395231605908952e-01+j1.75278322587623547335e-01
</dep>
<dep S[4,2] frequency>
  -3.10650587250805923500e-02+j1.19762789875169084475e-03
  -2.16555684773107395835e-02+j6.90817693639705909803e-03
  -1.24022001945505583320e-02+j8.01710834082960954738e-03
  -4.80650537766848240384e-03+j5.31458791591634272661e-03
  +6.43318044497853680497e-05-j1.25002191348630442569e-04
  +1.54768453320737854953e-03-j7.06506426405730924428e-03
  -6.39296863804567072620e-04-j1.41860215539134325302e-02
  -6.41004547467456144150e-03-j2.01423423679061748548e-02
  -1.52998860434922501206e-02-j2.36135362686012845179e-02
</dep>
<dep S[4,7] frequency>
  -2.01002917649989037985e-01-j1.09329140016610981689e-01
  -2.19369332413961309891e-01-j8.46480284276857203318e-02
  -2.33660020524831368860e-01-j5.77426828177466794356e-02
  -2.43903794021110342793e-01-j2.91623111191138088827e-02
  -2.50107807029776640917e-01+j6.08726316529611954920e-04
  -2.52273822471709097126e-01+j3.11283867224211030500e-02
  -2.50396790601942365040e-01+j6.19915795984608830604e-02
  -2.44448434149619087119e-01+j9.28203948699865694083e-02
  -2.34357599586040493689e-01+j1.23239356758758328292e-01
</dep>
<dep S[4,1] frequency>
  +7.24454371514530598430e-02-j3.04942077387290177981e-01
  +5.70077071649246758245e-02-j3.17502090100104550352e-01
  +4.00315413960447771813e-02-j3.29996560674467420693e-01
  +2.10111817177421437985e-02-j3.42209619834359879409e-01
  -4.71196848185063965619e-04-j3.53751787079176704953e-01
  -2.47347753312402683645e-02-j3.64090660343030447788e-01
  -5.19857221831465030060e-02-j3.72561409447672131634e-01
  -8.22881931680043282595e-02-j3.78368981293996875515e-01
  -1.15517376116113151818e-01-j3.80594912108996485944e-01
</dep>
<dep S[4,4] frequency>
  +2.74394014154529686245e-01+j2.97520443021670744077e-02
  +2.52685997446164045677e-01-j2.02747978880259138723e-02
  +2.25745699083218148706e-01-j6.13056975637082668396e-02
  +1.96185161998890661428e-01-j9.36773880993828078623e-02
  +1.66057071737395922639e-01-j1.18245938372494835411e-01
  +1.36874919389965959970e-01-j1.36126950001451058059e-01
  +1.09706032552259497015e-01-j1.48532556561171175114e-01
  +8.52727591056876566000e-02-j1.56702994226667474686e-01
  +6.40165810249798128417e-02-j1.61905153307626115122e-01
</dep>
<dep S[4,3] frequency>
  +2.62221356221187737456e-02-j6.29417245318647511354e-03
  +1.74701250698708621112e-02-j8.28738218687615629809e-03
  +9.83679727319788227424e-03-j7.45017626505626445743e-03
  +3.86562420316878801313e-03-j4.43007134784389848547e-03
  -5.52625752837238026771e-05+j9.86133193079212488907e-05
  -1.68395096988570129592e-03+j5.42383210930023808988e-03
  -9.38075735112668673832e-04+j1.07955171945297578873e-02
  +2.08064707854523946173e-03+j1.54404430750167652453e-02
  +7.05793430425846746168e-03+j1.85930944707066586608e-02
</dep>
<dep S[4,5] frequency>
  +3.38138730046764923731e-01+j4.91026830157449523107e-01
  +4.30351552309700902121e-01+j4.19816323421423831519e-01
  +5.04161441535486143373e-01+j3.29631853737873126153e-01
  +5.55863326610568475594e-01+j2.26203893704523623098e-01
  +5.83644258041710495277e-01+j1.15658907486075976379e-01
  +5.87409512071102812847e-01+j3.96367698054323619461e-03
  +5.68502048139044369179e-01-j1.03482517090519074432e-01
  +5.29372065779350919890e-01-j2.02115766776444272246e-01
  +4.73239344917863236084e-01-j2.88349986256540513629e-01
</dep>
<dep S[4,8] frequency>
  -3.09096082575350428190e-01-j5.29826593124752331931e-01
  -4.10014940624094936794e-01-j4.48218258014021042612e-01
  -4.91054763795822024619e-01-j3.48895853179567227986e-01
  -5.49527777799346139886e-01-j2.36372292733678074361e-01
  -5.83764782471343446346e-01-j1.15435261802858221691e-01
  -5.93068659455743718567e-01+j9.12606356625475859112e-03
  -5.77576937917946064971e-01+j1.32728609636421357454e-01
  -5.38073955197539754991e-01+j2.51114552862551021484e-01
  -4.75788400734055094699e-01+j3.60369900854711766591e-01
</dep>
<dep S[3,6] frequency>
  +5.80052087615883990579e-02+j4.90316398151501187108e-01
  +1.16299234468713333368e-01+j4.63564428322131905080e-01
  +1.68082938313851099066e-01+j4.30974895763073906352e-01
  +2.12972781664334587237e-01+j3.93647935714787955419e-01
  +2.50666949233482372339e-01+j3.52725981153184597883e-01
  +2.80982423855025031934e-01+j3.09426917431111170309e-01
  +3.03918140917271095702e-01+j2.65055098512495646013e-01
  +3.19732312149467789997e-01+j2.20976936041327343130e-01
  +3.29018709516640361912e-01+j1.78554568116319145599e-01
</dep>
<dep S[3,2] frequency>
  +1.12671476715867524554e-01-j3.30357929054814980496e-01
  +8.11014360376920151463e-02-j3.43656454510734787888e-01
  +5.11498115546272502652e-02-j3.50862763419456824554e-01
  +2.38101470467044495916e-02-j3.53622777986456915400e-01
  -4.70040127901603932425e-04-j3.53515520094824231556e-01
  -2.16714232032815812268e-02-j3.52017273703309485633e-01
  -4.01556433553927061286e-02-j3.50487963128490120912e-01
  -5.66684592067732140208e-02-j3.50139401142997797045e-01
  -7.23689240232025937649e-02-j3.51959134273026219564e-01
</dep>
<dep S[3,7] frequency>
  -1.18344875498315613149e-01-j4.74498125339486598318e-01
  -1.59688318595033379443e-01-j4.49897679819972695636e-01
  -1.95735028431519186842e-01-j4.20794684541071273287e-01
  -2.26085116208512904024e-01-j3.88127641714051563326e-01
  -2.50416528012247341373e-01-j3.52844266433364750490e-01
  -2.68478538715553882721e-01-j3.15936007263854568006e-01
  -2.80114869887272799343e-01-j2.78475232845786957459e-01
  -2.85315104575367073370e-01-j2.41639619804238897638e-01
  -2.84288993864595662675e-01-j2.06711143797585400472e-01
</dep>
<dep S[3,1] frequency>
  +1.37783718831791853615e-02+j1.91785443936981075952e-02
  +1.10111557969587922634e-02+j1.29295846429306939690e-02
  +7.73342741494232460697e-03+j7.68896604615137112260e-03
  +4.01694856963988322640e-03+j3.37541627505648670834e-03
  -8.36073333232434379170e-05-j5.89058076224955923152e-05
  -4.52407508082534881577e-03-j2.63091800376698487299e-03
  -9.26293106182050213215e-03-j4.32706310675942326660e-03
  -1.42515344963689456759e-02-j5.10287111833624806162e-03
  -1.94212030409399716291e-02-j4.88303074895827735058e-03
</dep>
<dep S[3,4] frequency>
  +2.62221356221187702762e-02-j6.29417245318651674690e-03
  +1.74701250698708621112e-02-j8.28738218687617017588e-03
  +9.83679727319788921314e-03-j7.45017626505627139633e-03
  +3.86562420316878627841e-03-j4.43007134784389414867e-03
  -5.52625752837099248893e-05+j9.86133193079073711029e-05
  -1.68395096988568091292e-03+j5.42383210930024329405e-03
  -9.38075735112675612726e-04+j1.07955171945297787039e-02
  +2.08064707854524726799e-03+j1.54404430750167617759e-02
  +7.05793430425848827836e-03+j1.85930944707066725385e-02
</dep>
<dep S[3,3] frequency>
  -3.81117747698908715392e-01-j3.13621429011788743768e-01
  -4.10612814260608527395e-01-j3.29017089875758006468e-01
  -4.40556206311736697767e-01-j3.40720474880644053073e-01
  -4.70654436207855908503e-01-j3.48875504582100925965e-01
  -5.00660019321330085340e-01-j3.53558394826496258379e-01
  -5.30314638317022524205e-01-j3.54763485955720436760e-01
  -5.59288705909961048057e-01-j3.52417953602453593032e-01
  -5.87127253709757712663e-01-j3.46423768004932630671e-01
  -6.13210130293933564083e-01-j3.36725817244022118668e-01
</dep>
<dep S[3,5] frequency>
  +2.35904665828951976003e-01+j1.41747068439239731763e-01
  +2.44662743745053035127e-01+j1.04358805531187467941e-01
  +2.49580018507353729174e-01+j6.85092726549468844510e-02
  +2.51271576269489149702e-01+j3.36737525447128455136e-02
  +2.49918637556016454138e-01-j6.51479605830358916851e-04
  +2.45362214716913662471e-01-j3.48546628300890060093e-02
  +2.37173814810787919605e-01-j6.91409886662386341527e-02
  +2.24714213845594784624e-01-j1.03470213801558713618e-01
  +2.07192801272128079848e-01-j1.37487484695267836443e-01
</dep>
<dep S[3,8] frequency>
  +2.14613708708011913240e-01+j1.68948867456975154733e-01
  +2.33671034576139413641e-01+j1.26991419318547960060e-01
  +2.45646012897777293871e-01+j8.44413331358413177252e-02
  +2.51012890362824259149e-01+j4.17102749709890516239e-02
  +2.49890144202893127456e-01-j8.08893218867871182688e-04
  +2.42157395559692845133e-01-j4.25876141676690758708e-02
  +2.27573290405099354361e-01-j8.28659059348279408708e-02
  +2.05895953535918774246e-01-j1.20588910450293240739e-01
  +1.77017412412073554817e-01-j1.54364563208385596749e-01
</dep>
<dep S[5,6] frequency>
  -2.72083227387476866976e-01+j2.06397237207750272603e-01
  -2.19630389563220229654e-01+j2.65805857496844100130e-01
  -1.54462677890521149493e-01+j3.12020836737918472181e-01
  -7.94571518494056883153e-02+j3.42095677197053915641e-01
  +1.59019035657659898314e-03+j3.53606910900249260532e-01
  +8.40892769327079014907e-02+j3.45026132240736915779e-01
  +1.62922776228893562145e-01+j3.16019452050491811423e-01
  +2.32812324780264506829e-01+j2.67632530723828421237e-01
  +2.88726682996794714597e-01+j2.02335658206376223234e-01
</dep>
<dep S[5,2] frequency>
  -4.19115857857260687425e-01-j4.09527208345935034295e-01
  -4.80133090978192456078e-01-j3.42700719229887262873e-01
  -5.27088057707820856201e-01-j2.70166407199350810941e-01
  -5.61234978198791201187e-01-j1.94212550327498789660e-01
  -5.83665355752720493854e-01-j1.16315245899713509692e-01
  -5.95173775609233679518e-01-j3.74038753125675998978e-02
  -5.96165703178157979636e-01+j4.19249744074518190806e-02
  -5.86583698323674407327e-01+j1.21194448074842642260e-01
  -5.65864510860413449933e-01+j1.99795799988048750073e-01
</dep>
<dep S[5,7] frequency>
  +2.69785894694293190699e-02-j2.90306469970341048115e-02
  +1.37091293045717918520e-02-j2.27218319631537143954e-02
  +5.33989508904805787459e-03-j1.47006163208254492236e-02
  +1.12258633725305367879e-03-j6.70875300659085072041e-03
  +3.56771588624774441123e-07+j1.17814064708371413204e-04
  +8.03366582790523975355e-04+j5.19152625147077662060e-03
  +2.39344314017540804596e-03+j8.41919816027718315166e-03
  +3.79483604165241610734e-03+j1.01489089138899202247e-02
  +4.32944916883810926311e-03+j1.10990814785386082697e-02
</dep>
<dep S[5,1] frequency>
  -1.87919712738688238218e-01-j1.11822404146193543628e-01
  -2.09913602482466515875e-01-j8.96935081633427194747e-02
  -2.28118899312008349689e-01-j6.29635961407919858557e-02
  -2.41715534285079525212e-01-j3.25366277226759800789e-02
  -2.50085227083155836603e-01+j6.51826617389240740852e-04
  -2.52754532544369858726e-01+j3.56283599392883884582e-02
  -2.49380237727820641691e-01+j7.13564587448435316830e-02
  -2.39770012353581252196e-01+j1.06717476223236101829e-01
  -2.23924454327719291147e-01+j1.40513076745405196544e-01
</dep>
<dep S[5,4] frequency>
  +3.38138730046764923731e-01+j4.91026830157449634129e-01
  +4.30351552309700902121e-01+j4.19816323421423942541e-01
  +5.04161441535486143373e-01+j3.29631853737873126153e-01
  +5.55863326610568475594e-01+j2.26203893704523678609e-01
  +5.83644258041710495277e-01+j1.15658907486075976379e-01
  +5.87409512071102923869e-01+j3.96367698054325267448e-03
  +5.68502048139044369179e-01-j1.03482517090519060554e-01
  +5.29372065779350919890e-01-j2.02115766776444272246e-01
  +4.73239344917863236084e-01-j2.88349986256540458118e-01
</dep>
<dep S[5,3] frequency>
  +2.35904665828952003759e-01+j1.41747068439239704007e-01
  +2.44662743745053035127e-01+j1.04358805531187481819e-01
  +2.49580018507353729174e-01+j6.85092726549468705732e-02
  +2.51271576269489149702e-01+j3.36737525447128732692e-02
  +2.49918637556016454138e-01-j6.51479605830362386298e-04
  +2.45362214716913662471e-01-j3.48546628300890337648e-02
  +2.37173814810787891849e-01-j6.91409886662386341527e-02
  +2.24714213845594784624e-01-j1.03470213801558713618e-01
  +2.07192801272128024337e-01-j1.37487484695267891954e-01
</dep>
<dep S[5,5] frequency>
  -1.31809735321154142262e-01-j1.96592112357766413133e-01
  -1.79267349473941683957e-01-j1.18370421050076488068e-01
  -1.99542579219994353767e-01-j3.51293786321581549825e-02
  -1.94131298386391981659e-01+j4.60337615997405760759e-02
  -1.65945603688237519613e-01+j1.19191937267029687830e-01
  -1.18887060560677354504e-01+j1.79752951165314978077e-01
  -5.74127931994907886315e-02+j2.24524459058554171076e-01
  +1.38900046382548492119e-02+j2.51663883701746526889e-01
  +9.06905161000502585411e-02+j2.60496185003436131478e-01
</dep>
<dep S[5,8] frequency>
  -7.28126253049737881540e-03+j5.78610118375772475297e-02
  +1.09412133495684349427e-03+j4.44628336497885773282e-02
  +5.46711426868939920354e-03+j2.87136457115619650460e-02
  +4.87277262911295361292e-03+j1.30082972342070654626e-02
  -1.30466238360715802713e-04-j2.22252722717135309249e-04
  -7.76849102161605853389e-03-j9.19466179117194026826e-03
  -1.55144296453936791913e-02-j1.32099679044356543844e-02
  -2.06223772714400066519e-02-j1.28835386741859153625e-02
  -2.06969169719437851018e-02-j1.01934240695283340195e-02
</dep>
<dep S[8,6] frequency>
  -3.22018024087248472265e-02+j2.20971528933016012064e-02
  -1.71257020996156139603e-02+j1.98862928452777920629e-02
  -6.91871033223976500404e-03+j1.38985803536405203018e-02
  -1.49761694678547663262e-03+j6.60961509122092588653e-03
  -4.92955254434955525422e-07-j1.17822347801693760871e-04
  -1.12467788375623933828e-03-j5.15338266309506298768e-03
  -3.45040554311825536926e-03-j8.12601133984762469264e-03
  -5.75035581821842049777e-03-j9.35437114615582376853e-03
  -7.26210872230819565187e-03-j9.66772485514764273740e-03
</dep>
<dep S[8,2] frequency>
  -3.76775064320439667664e-01-j4.21764385131932206807e-01
  -4.49860495950720917779e-01-j3.58256713920612701596e-01
  -5.08678898595032458196e-01-j2.84772635573760979355e-01
  -5.53416953844472647717e-01-j2.03513847800582625691e-01
  -5.83785234220994930787e-01-j1.16091374584289044880e-01
  -5.98977552965520576578e-01-j2.40532643164741155584e-02
  -5.97796664896351415130e-01+j7.07155314609307361629e-02
  -5.78880719193062942551e-01+j1.65695957133492444147e-01
  -5.41011423986947792564e-01+j2.57519391548396869851e-01
</dep>
<dep S[8,7] frequency>
  +2.72121154368758277897e-01-j2.30819067916229525572e-01
  +2.14162487065958639931e-01-j2.83499502878337528156e-01
  +1.47466890961516272629e-01-j3.22117102984439129809e-01
  +7.46784090943161671383e-02-j3.45747945082067908995e-01
  -1.47859190323249879706e-03-j3.53568226528614137916e-01
  -7.80381892467488236242e-02-j3.44975523002059691891e-01
  -1.51725372165771477118e-01-j3.19757008577048973397e-01
  -2.18970369570254758118e-01-j2.78277970159898357938e-01
  -2.75998641947746981007e-01-j2.21673366683111772169e-01
</dep>
<dep S[8,1] frequency>
  +1.82530261636633966971e-01+j1.49697830697494427277e-01
  +2.08657266554478804110e-01+j1.16634674002374663648e-01
  +2.28724434561574374580e-01+j8.00465564580962463115e-02
  +2.42602123219175430657e-01+j4.06691348093668469943e-02
  +2.50057192673367012503e-01-j8.09276753272539228767e-04
  +2.50777261425883857271e-01-j4.36649462299652582620e-02
  +2.44406776662939750899e-01-j8.70764880752487868687e-02
  +2.30593160988424722424e-01-j1.30079487182306913207e-01
  +2.09039015735363098436e-01-j1.71535829709209275418e-01
</dep>
<dep S[8,4] frequency>
  -3.09096082575350428190e-01-j5.29826593124752331931e-01
  -4.10014940624094936794e-01-j4.48218258014021042612e-01
  -4.91054763795822024619e-01-j3.48895853179567227986e-01
  -5.49527777799346028864e-01-j2.36372292733678074361e-01
  -5.83764782471343557368e-01-j1.15435261802858207814e-01
  -5.93068659455743718567e-01+j9.12606356625474818278e-03
  -5.77576937917945953949e-01+j1.32728609636421385209e-01
  -5.38073955197539754991e-01+j2.51114552862551021484e-01
  -4.75788400734055094699e-01+j3.60369900854711655569e-01
</dep>
<dep S[8,3] frequency>
  +2.14613708708011996507e-01+j1.68948867456975182488e-01
  +2.33671034576139441397e-01+j1.26991419318547960060e-01
  +2.45646012897777293871e-01+j8.44413331358413038474e-02
  +2.51012890362824259149e-01+j4.17102749709890585628e-02
  +2.49890144202893127456e-01-j8.08893218867870640587e-04
  +2.42157395559692845133e-01-j4.25876141676690897486e-02
  +2.27573290405099326605e-01-j8.28659059348278992374e-02
  +2.05895953535918774246e-01-j1.20588910450293240739e-01
  +1.77017412412073582573e-01-j1.54364563208385596749e-01
</dep>
<dep S[8,5] frequency>
  -7.28126253049737881540e-03+j5.78610118375773030408e-02
  +1.09412133495684349427e-03+j4.44628336497885634504e-02
  +5.46711426868945471469e-03+j2.87136457115619650460e-02
  +4.87277262911278707946e-03+j1.30082972342070793403e-02
  -1.30466238360715802713e-04-j2.22252722717149187037e-04
  -7.76849102161607241168e-03-j9.19466179117195414605e-03
  -1.55144296453936236801e-02-j1.32099679044356821400e-02
  -2.06223772714400066519e-02-j1.28835386741859153625e-02
  -2.06969169719437851018e-02-j1.01934240695283062639e-02
</dep>
<dep S[8,8] frequency>
  -1.55458143331165699053e-01-j1.30952257597887949947e-01
  -1.96862030744693827788e-01-j6.88203064143009940468e-02
  -2.10927205763614289413e-01-j1.00309831619159461891e-03
  -1.99406676743278055142e-01+j6.38885287141862656668e-02
  -1.65853064251059695300e-01+j1.18810701751541444859e-01
  -1.15081521235663938874e-01+j1.58332876179392012528e-01
  -5.27515069444932926945e-02+j1.78639629354611279011e-01
  +1.49731810013002189508e-02+j1.77506249153485673453e-01
  +8.17027588949521266226e-02+j1.54258732893111871753e-01
</dep>
